[8 9]
[8 10]
[8 11]
[8 12]
[8 13]
[8 14]
[8 15]
[8 16]
[8 17]
[8 18]
[8 19]
[8 20]
[8 21]
[8 22]
[8 23]
[8 24]
[8 25]
[8 26]
[8 27]
[8 28]
[8 29]
[8 30]
[8 31]
[8 32]
[8 33]
[8 34]
[8 35]
[8 36]
[8 37]
[8 38]
[9 8]
[9 9]
[9 38]
[9 39]
[10 7]
[10 8]
[10 39]
[10 40]
[11 7]
[11 40]
[12 7]
[12 8]
[12 39]
[12 40]
[13 8]
[13 9]
[13 38]
[13 39]
[14 9]
[14 10]
[14 11]
[14 12]
[14 13]
[14 14]
[14 15]
[14 16]
[14 17]
[14 18]
[14 19]
[14 20]
[14 21]
[14 22]
[14 23]
[14 24]
[14 25]
[14 26]
[14 27]
[14 28]
[14 29]
[14 30]
[14 31]
[14 32]
[14 33]
[14 34]
[14 35]
[14 36]
[14 37]
[14 38]
..................................................
..................................................
..................................................
..................................................
..................................................
..................................................
..................................................
........******************************............
.......**############################**...........
......**##############################**..........
......*################################*..........
......**##############################**..........
.......**############################**...........
........******************************............
..................................................
..................................................
..................................................
..................................................
..................................................
..................................................
..................................................
..................................................
..................................................
..................................................
..................................................
..................................................
..................................................
..................................................
..................................................
..................................................
..................................................
..................................................
..................................................
..................................................
..................................................
..................................................
..................................................
..................................................
..................................................
..................................................
..................................................
..................................................
..................................................
..................................................
..................................................
..................................................
..................................................
..................................................
..................................................
..................................................
